20 39 38
45 26 16
26 45 25
45 15 46
15 14 46
15 45 16
6 5 59
42 22 23
22 42 27
22 20 23
42 28 27
28 42 29
28 39 27
28 29 39
30 31 29
19 20 38
20 19 23
19 24 23
39 21 27
20 21 39
21 22 27
22 21 20
29 40 39
31 40 29
39 40 38
48 5 4
5 48 59
41 31 2
41 40 31
44 45 46
45 44 25
44 24 25
14 35 46
54 35 14
42 35 29
35 30 29
51 63 62
54 13 12
13 54 14
11 10 55
11 54 12
54 11 55
32 30 33
30 32 31
31 3 2
48 3 31
3 48 4
1 36 2
36 41 2
36 1 0
17 36 0
36 17 18
40 37 38
41 37 40
37 19 38
19 37 18
37 36 18
36 37 41
43 42 23
24 43 23
44 43 24
66 67 62
57 9 8
49 48 31
32 49 31
30 34 33
35 34 30
64 54 55
65 66 62
63 65 62
65 64 55
64 65 63
47 44 46
47 43 44
43 47 42
35 47 46
47 35 42
58 67 66
57 58 66
67 58 59
58 6 59
58 7 6
7 58 8
58 57 8
61 51 62
67 61 62
53 64 63
53 35 54
64 53 54
56 57 66
65 56 66
56 65 55
57 56 9
56 10 9
10 56 55
61 50 51
50 61 49
50 49 32
51 50 33
50 32 33
49 60 48
61 60 49
60 61 67
48 60 59
60 67 59
52 53 63
52 63 51
52 34 35
53 52 35
52 51 33
34 52 33
